Trees:

depth de esta ronda: 
6



testAccuracy: 
(0.8882324268388843, 0.01899202335760786)


testErrorRate:
(0.11176757316111585, 0.01899202335760786)


testRecall:
(0.8882324268388843, 0.018992023357607888)


testSpecificity:
(0.9820232717093271, 0.0029974393030291788)


testPrecision:
(0.8983644872694503, 0.019990714917631297)


testNPV:
(0.9819206923354082, 0.0032768750968681978)


testF1:
(0.8890390542999222, 0.0184359760329113)


Matrices de confusión: [[45 0 0 11 0 2 0; 0 41 3 14 0 0 0; 0 5 62 3 1 0 0; 4 0 0 54 0 0 0; 0 0 1 0 58 0 1; 5 0 0 0 0 50 0; 0 0 0 0 0 0 65], [35 0 0 5 18 0 0; 0 65 2 0 1 2 0; 1 0 49 0 8 0 0; 3 0 0 52 0 0 0; 2 0 4 0 52 0 0; 0 2 0 0 0 58 0; 0 0 0 0 0 0 65], [43 0 13 0 1 0 0; 0 47 10 1 0 0 0; 9 2 47 0 0 0 0; 0 5 0 65 0 0 0; 4 0 0 0 50 0 0; 0 0 0 2 0 57 0; 0 0 0 0 0 1 64], [37 0 5 0 15 0 0; 1 44 0 1 12 0 0; 2 0 52 0 0 0 0; 0 7 0 61 0 2 0; 8 1 0 0 49 0 0; 0 0 0 2 0 57 0; 0 0 0 0 0 0 65], [42 11 0 0 0 4 0; 0 58 0 0 0 0 0; 0 0 67 1 2 0 0; 2 10 1 45 0 0 0; 0 0 2 0 57 0 0; 1 0 0 0 0 53 0; 0 0 0 0 0 0 64]]


depth de esta ronda: 
7



testAccuracy:
(0.8943588888968396, 0.008541891522433091)


testErrorRate:
(0.1056411111031604, 0.008541891522433091)


testRecall:
(0.8943588888968396, 0.008541891522433065)


testSpecificity:
(0.9829171093403559, 0.0014072906616878157)


testPrecision:
(0.9018503319601866, 0.009196194326454743)


testNPV:
(0.9831351100401431, 0.0012490715963928481)


testF1:
(0.8937261130179428, 0.009375603167500553)


Matrices de confusión: [[45 0 0 11 0 2 0; 0 39 4 14 1 0 0; 0 1 68 0 1 0 1; 2 0 0 56 0 0 0; 0 0 2 0 57 0 1; 5 0 0 0 0 50 0; 0 0 0 0 0 0 65], [42 0 0 6 10 0 0; 0 64 4 0 0 2 0; 0 0 49 0 9 0 0; 3 0 0 52 0 0 0; 2 0 3 0 53 0 0; 0 3 0 0 0 57 0; 0 0 0 0 0 0 65], [47 0 8 0 2 0 0; 0 57 1 0 0 0 0; 10 15 33 0 0 0 0; 0 3 0 66 0 1 0; 4 0 0 0 50 0 0; 0 0 0 2 0 57 0; 0 0 0 1 0 1 63], [42 0 7 0 8 0 0; 0 41 0 3 14 0 0; 3 0 51 0 0 0 0; 0 1 0 67 0 2 0; 8 0 0 0 50 0 0; 0 0 0 2 0 57 0; 0 0 0 0 0 0 65], [47 5 0 2 0 3 0; 0 41 0 17 0 0 0; 0 0 66 1 3 0 0; 0 4 1 53 0 0 0; 0 0 1 0 58 0 0; 3 0 0 0 0 51 0; 0 0 0 0 0 0 64]]


depth de esta ronda: 
5



testAccuracy:
(0.8280854090033809, 0.024772138917409155)


testErrorRate:
(0.17191459099661913, 0.024772138917409155)


testRecall:
(0.8280854090033809, 0.024772138917409158)


testSpecificity:
(0.9709876353202486, 0.004267744570269073)


testPrecision:
(0.8386486117687033, 0.022955374005915116)


testNPV:
(0.9726685926442322, 0.00389197847772153)


testF1:
(0.826727827260427, 0.02529426440534378)


Matrices de confusión: [[38 8 0 11 0 1 0; 0 46 11 1 0 0 0; 0 3 64 3 1 0 0; 4 22 0 32 0 0 0; 0 0 2 0 57 0 1; 6 0 0 0 0 49 0; 0 0 0 0 0 0 65], [36 0 3 3 16 0 0; 0 67 0 0 1 2 0; 0 21 37 0 0 0 0; 2 0 0 53 0 0 0; 1 1 23 0 33 0 0; 0 5 0 0 0 55 0; 0 0 0 0 0 0 65], [33 6 17 0 1 0 0; 0 37 1 20 0 0 0; 1 23 33 1 0 0 0; 0 1 0 69 0 0 0; 4 0 0 0 50 0 0; 0 0 0 3 0 56 0; 0 0 0 1 0 0 64], [32 8 7 0 10 0 0; 0 46 0 10 2 0 0; 3 0 51 0 0 0 0; 0 7 0 61 0 2 0; 4 22 0 1 31 0 0; 0 0 0 2 0 57 0; 0 0 0 0 0 0 65], [43 8 0 3 0 3 0; 0 37 0 21 0 0 0; 0 0 67 1 2 0 0; 0 0 12 46 0 0 0; 0 0 1 0 58 0 0; 3 0 0 0 0 51 0; 0 0 0 0 0 0 64]]


depth de esta ronda: 
8



testAccuracy:
(0.9298912264408294, 0.010437306727676746)


testErrorRate:
(0.07010877355917049, 0.010437306727676746)


testRecall:
(0.9298912264408294, 0.010437306727676723)


testSpecificity:
(0.9885614778970272, 0.0016262933361340123)


testPrecision:
(0.9316105267427248, 0.011291589848532702)


testNPV:
(0.9885606631426139, 0.0017064949963274448)


testF1:
(0.9297366258169244, 0.010297968911466686)


Matrices de confusión: [[50 0 0 6 0 2 0; 0 47 3 8 0 0 0; 0 1 69 0 1 0 0; 1 1 0 56 0 0 0; 0 0 3 0 56 0 1; 1 0 0 0 0 54 0; 0 0 0 0 0 0 65], [46 0 0 5 7 0 0; 0 63 4 0 0 2 1; 0 0 56 0 2 0 0; 2 0 0 53 0 0 0; 3 0 1 0 54 0 0; 0 3 0 0 0 57 0; 0 0 0 0 0 0 65], [49 0 6 0 2 0 0; 0 55 1 2 0 0 0; 6 4 48 0 0 0 0; 0 4 0 65 0 1 0; 4 0 0 0 50 0 0; 0 0 0 3 0 56 0; 0 0 0 0 0 1 64], [46 0 6 0 5 0 0; 0 53 0 2 3 0 0; 3 0 51 0 0 0 0; 0 1 0 67 0 2 0; 8 1 0 0 49 0 0; 0 2 0 0 0 57 0; 0 0 0 0 0 0 65], [47 7 0 0 0 3 0; 1 55 0 2 0 0 0; 0 0 66 1 3 0 0; 0 2 1 55 0 0 0; 0 0 2 0 57 0 0; 1 0 0 0 0 53 0; 0 0 0 0 0 0 64]]


depth de esta ronda: 
9



testAccuracy:
(0.9308312613980293, 0.012437518375072421)


testErrorRate:
(0.06916873860197062, 0.012437518375072421)


testRecall:
(0.9308312613980293, 0.01243751837507246)


testSpecificity:
(0.9887233075897226, 0.0020575061212160283)


testPrecision:
(0.9324303165709604, 0.012815405103878647)


testNPV:
(0.9887197488693855, 0.002027647893286054)


testF1:
(0.9307395126560646, 0.012314492008143937)


Matrices de confusión: [[52 1 0 3 0 2 0; 0 49 3 6 0 0 0; 0 1 67 2 1 0 0; 1 2 0 55 0 0 0; 0 0 3 0 56 0 1; 2 0 0 0 0 53 0; 0 0 0 0 0 0 65], [48 0 0 4 6 0 0; 0 64 4 0 0 2 0; 0 0 56 0 2 0 0; 2 0 0 53 0 0 0; 4 0 1 0 53 0 0; 0 2 0 0 0 58 0; 0 0 0 0 0 0 65], [49 0 6 0 2 0 0; 0 55 1 2 0 0 0; 7 5 45 1 0 0 0; 0 4 0 65 0 1 0; 4 0 0 0 50 0 0; 0 0 0 3 0 56 0; 0 0 0 0 0 1 64], [47 0 6 0 4 0 0; 0 55 0 2 1 0 0; 5 0 49 0 0 0 0; 0 1 0 67 0 2 0; 9 1 0 0 48 0 0; 0 0 0 0 0 59 0; 0 0 0 0 0 0 65], [45 9 0 0 0 3 0; 1 56 0 1 0 0 0; 0 0 67 1 2 0 0; 0 2 1 55 0 0 0; 0 0 2 0 57 0 0; 1 0 0 0 0 53 0; 0 0 0 0 0 0 64]]


depth de esta ronda: 
10



testAccuracy:
(0.9317612013747372, 0.008827669171620672)


testErrorRate:
(0.06823879862526287, 0.008827669171620672)


testRecall:
(0.9317612013747372, 0.008827669171620624)


testSpecificity:
(0.9889213908504138, 0.0014196707632217914)


testPrecision:
(0.9333276719158612, 0.009945210266944114)


testNPV:
(0.9888710255290496, 0.0013963529914946264)


testF1:
(0.9316125458741696, 0.009025114010979222)


Matrices de confusión: [[51 0 0 5 0 2 0; 0 50 2 5 1 0 0; 0 1 68 2 0 0 0; 1 1 0 56 0 0 0; 0 0 2 0 57 0 1; 1 0 0 0 0 54 0; 0 0 0 0 0 0 65], [47 0 0 4 7 0 0; 0 63 5 0 0 2 0; 0 0 56 0 2 0 0; 2 0 0 53 0 0 0; 2 0 1 0 55 0 0; 0 3 0 0 0 57 0; 0 0 0 0 0 0 65], [49 0 6 0 2 0 0; 0 56 1 1 0 0 0; 7 5 45 1 0 0 0; 0 2 0 67 0 1 0; 3 0 0 0 51 0 0; 0 0 0 3 0 56 0; 0 0 0 0 0 2 63], [47 0 6 0 4 0 0; 0 54 0 2 2 0 0; 5 0 49 0 0 0 0; 0 0 0 68 0 2 0; 7 2 0 0 49 0 0; 0 0 0 0 0 59 0; 0 0 0 0 0 0 65], [46 8 0 0 0 3 0; 2 53 0 3 0 0 0; 0 0 65 2 3 0 0; 0 4 1 53 0 0 0; 0 0 1 0 58 0 0; 1 0 0 0 0 53 0; 0 0 0 0 0 0 64]]


depth de esta ronda: 
12



testAccuracy:
(0.9336625487823419, 0.005293272232211878)


testErrorRate:
(0.06633745121765822, 0.005293272232211878)


testRecall:
(0.9336625487823419, 0.005293272232211851)


testSpecificity:
(0.9891910977845793, 0.000790343690495065)


testPrecision:
(0.9356619004215325, 0.005897996325308868)


testNPV:
(0.9891782643857143, 0.0007435665376364351)


testF1:
(0.9334384554070366, 0.005395071783289925)


Matrices de confusión: [[51 0 0 5 0 2 0; 0 49 4 5 0 0 0; 0 1 67 2 1 0 0; 1 1 0 56 0 0 0; 0 0 1 0 58 0 1; 1 0 0 0 0 54 0; 0 0 0 0 0 0 65], [47 0 0 4 7 0 0; 0 63 5 0 0 2 0; 0 0 57 0 1 0 0; 2 0 0 53 0 0 0; 2 0 1 0 55 0 0; 0 3 0 0 0 57 0; 0 0 0 0 0 0 65], [53 0 2 0 2 0 0; 0 56 1 1 0 0 0; 8 5 44 1 0 0 0; 0 2 0 67 0 1 0; 3 0 0 0 51 0 0; 0 0 0 3 0 56 0; 0 0 0 1 0 0 64], [47 0 6 0 4 0 0; 0 54 0 2 2 0 0; 5 0 49 0 0 0 0; 0 0 0 68 0 2 0; 7 2 0 0 49 0 0; 0 0 0 0 0 59 0; 0 0 0 0 0 0 65], [46 8 0 0 0 3 0; 2 53 0 3 0 0 0; 0 0 65 2 3 0 0; 0 4 1 53 0 0 0; 0 0 1 0 58 0 0; 1 0 0 0 0 53 0; 0 0 0 0 0 0 64]]


depth de esta ronda: 
15



testAccuracy:
(0.9346126675471874, 0.0045653520866117715)


testErrorRate:
(0.06538733245281261, 0.0045653520866117715)


testRecall:
(0.9346126675471874, 0.004565352086611727)


testSpecificity:
(0.989381756400209, 0.0006195935292150966)


testPrecision:
(0.9366705108119341, 0.00566966666462673)


testNPV:
(0.9893361767061174, 0.0006375497698854866)


testF1:
(0.9344571871189651, 0.0046469805154952595)


Matrices de confusión: [[50 0 0 6 0 2 0; 0 50 3 5 0 0 0; 0 1 67 2 1 0 0; 1 1 0 56 0 0 0; 0 0 1 0 58 0 1; 1 0 0 0 0 54 0; 0 0 0 0 0 0 65], [47 0 0 4 7 0 0; 0 63 5 0 0 2 0; 0 0 57 0 1 0 0; 2 0 0 53 0 0 0; 2 0 1 0 55 0 0; 0 3 0 0 0 57 0; 0 0 0 0 0 0 65], [53 0 2 0 2 0 0; 0 56 1 1 0 0 0; 8 4 45 1 0 0 0; 0 2 0 68 0 0 0; 3 0 0 0 51 0 0; 0 0 0 2 0 57 0; 0 0 0 1 0 1 63], [47 0 6 0 4 0 0; 0 54 0 2 2 0 0; 5 0 49 0 0 0 0; 0 0 0 68 0 2 0; 7 2 0 0 49 0 0; 0 0 0 0 0 59 0; 0 0 0 0 0 0 65], [46 8 0 0 0 3 0; 2 53 0 3 0 0 0; 0 0 65 2 3 0 0; 0 4 1 53 0 0 0; 0 0 1 0 58 0 0; 1 0 0 0 0 53 0; 0 0 0 0 0 0 64]]

KNN:

neighbors de esta ronda: 
1

testAccuracy: 
(0.815209261636802, 0.015430424791617934)


testErrorRate:
(0.1847907383631981, 0.015430424791617936)


testRecall:
(0.815209261636802, 0.015430424791617978)


testSpecificity:
(0.9694025753105165, 0.0027569738794585414)


testPrecision:
(0.812416321793906, 0.016084022801532854)


testNPV:
(0.9698790154817403, 0.002715245586271248)


testF1:
(0.8116585577360574, 0.016012952802020645)



Matrices de confusión: [[32 5 6 6 1 8 0; 1 43 3 8 1 1 1; 3 1 62 3 1 1 0; 5 4 2 46 1 0 0; 0 1 2 1 55 1 0; 6 0 0 0 0 49 0; 0 1 0 0 0 0 64], [33 6 4 8 7 0 0; 3 60 1 0 2 4 0; 4 5 44 0 4 1 0; 3 1 1 47 3 0 0; 4 3 2 2 47 0 0; 1 1 1 0 0 57 0; 0 0 0 0 0 0 65], [27 8 7 3 12 0 0; 4 49 1 4 0 0 0; 5 2 44 7 0 0 0; 2 10 1 55 1 1 0; 5 1 1 0 47 0 0; 1 2 0 2 0 54 0; 1 0 0 0 0 0 64], [29 6 5 7 9 1 0; 3 44 0 4 7 0 0; 3 0 50 1 0 0 0; 2 4 1 54 5 2 2; 6 5 2 8 36 1 0; 0 2 0 1 0 56 0; 0 0 0 0 0 0 65], [27 10 3 6 2 9 0; 4 44 3 4 0 3 0; 1 4 59 1 4 1 0; 6 1 4 43 2 2 0; 0 0 1 1 57 0 0; 4 1 0 0 0 49 0; 0 0 0 0 0 0 64]]


neighbors de esta ronda: 
2

testAccuracy:
(0.790577678962949, 0.012857016349008356)


testErrorRate:
(0.20942232103705108, 0.012857016349008356)


testRecall:
(0.7905776789629491, 0.0128570163490084)


testSpecificity:
(0.9650766637895432, 0.0020521805809848455)


testPrecision:
(0.796150307383383, 0.0158536305938782)


testNPV:
(0.966348080489064, 0.0020616356911662506)


testF1:
(0.7865152809585721, 0.0144042927178614)



Matrices de confusión: [[33 3 6 5 0 11 0; 7 32 7 6 4 1 1; 6 0 64 0 0 1 0; 8 0 3 45 1 1 0; 1 1 4 0 53 1 0; 2 0 0 0 0 53 0; 0 1 0 0 0 0 64], [38 5 3 10 2 0 0; 5 60 0 0 1 4 0; 5 10 34 0 6 3 0; 8 0 0 47 0 0 0; 11 5 1 3 38 0 0; 1 3 0 0 1 55 0; 0 0 0 0 0 0 65], [26 4 4 3 19 1 0; 8 39 3 7 0 1 0; 7 0 40 8 3 0 0; 4 2 2 61 1 0 0; 2 0 1 0 51 0 0; 1 1 0 7 0 50 0; 1 0 0 0 0 0 64], [28 3 14 5 7 0 0; 6 36 2 7 5 2 0; 3 0 51 0 0 0 0; 2 0 1 59 1 5 2; 9 2 5 10 31 1 0; 0 2 0 1 0 56 0; 0 0 0 0 0 0 65], [31 6 3 3 1 13 0; 9 38 4 2 0 5 0; 3 3 60 0 3 1 0; 7 3 8 35 3 2 0; 0 0 4 1 54 0 0; 4 1 0 0 0 49 0; 0 0 0 0 0 0 64]]


neighbors de esta ronda: 
3

testAccuracy:
(0.7963131677266434, 0.007690640500907957)


testErrorRate:
(0.20368683227335663, 0.007690640500907958)


testRecall:
(0.7963131677266434, 0.007690640500907979)


testSpecificity:
(0.9663946881633502, 0.001568337732313355)


testPrecision:
(0.79528286509734, 0.007431643848363336)


testNPV:
(0.9669651888344457, 0.0013051987370589432)


testF1:
(0.7923366855669294, 0.007944936496300504)



Matrices de confusión: [[30 6 7 6 1 8 0; 5 37 6 4 2 3 1; 5 2 59 1 3 1 0; 6 2 2 46 1 1 0; 2 1 2 0 54 1 0; 4 0 0 0 0 51 0; 0 1 0 0 0 0 64], [31 3 5 13 5 1 0; 4 57 0 0 3 6 0; 3 12 35 0 6 2 0; 3 0 1 48 3 0 0; 8 6 2 3 39 0 0; 1 1 0 0 0 58 0; 0 0 0 0 0 0 65], [28 5 3 3 17 1 0; 5 41 3 6 2 1 0; 6 0 40 8 4 0 0; 4 5 0 60 1 0 0; 5 0 0 0 49 0 0; 0 2 1 3 0 53 0; 1 0 0 0 0 0 64], [35 5 9 3 5 0 0; 6 42 2 5 3 0 0; 4 0 50 0 0 0 0; 2 4 1 55 1 5 2; 9 4 4 8 32 1 0; 0 3 0 1 0 55 0; 0 0 0 0 0 0 65], [27 7 2 7 1 13 0; 7 41 4 3 0 3 0; 4 4 61 0 0 1 0; 6 4 5 38 3 2 0; 0 0 0 1 58 0 0; 4 1 0 0 0 49 0; 0 0 0 0 0 0 64]]


neighbors de esta ronda: 
4

testAccuracy:
(0.7835021648331273, 0.014585115995791063)


testErrorRate:
(0.21649783516687277, 0.014585115995791063)


testRecall:
(0.7835021648331273, 0.014585115995791148)


testSpecificity:
(0.963961319200239, 0.0024212738086641893)


testPrecision:
(0.7811319982394271, 0.014133932374899775)


testNPV:
(0.9651554994644116, 0.002341367496783564)


testF1:
(0.7772102995991992, 0.01533590278393826)



Matrices de confusión: [[28 7 6 6 1 10 0; 5 39 5 4 2 2 1; 4 2 63 0 0 1 1; 7 2 6 40 1 2 0; 1 0 3 0 55 1 0; 2 0 0 0 0 53 0; 0 1 0 0 0 0 64], [26 3 6 17 5 1 0; 3 58 0 0 1 8 0; 3 11 32 0 9 3 0; 3 0 1 48 3 0 0; 4 9 3 3 39 0 0; 1 2 1 0 0 56 0; 0 0 0 0 0 0 65], [27 7 3 3 16 1 0; 6 39 5 7 1 0 0; 8 1 37 8 3 1 0; 2 8 0 59 1 0 0; 4 0 0 0 50 0 0; 0 1 1 5 0 52 0; 1 0 0 0 0 0 64], [30 7 10 6 4 0 0; 5 41 2 4 5 1 0; 3 0 51 0 0 0 0; 1 2 2 57 1 5 2; 9 5 2 9 32 1 0; 0 3 0 1 0 55 0; 0 0 0 0 0 0 65], [26 10 3 4 1 13 0; 9 38 5 2 1 2 1; 2 4 60 1 2 1 0; 6 4 8 35 3 2 0; 0 0 2 0 57 0 0; 4 1 0 0 0 49 0; 0 0 0 0 0 0 64]]


neighbors de esta ronda: 
5

testAccuracy:
(0.7868376326822577, 0.01349737297975907)


testErrorRate:
(0.21316236731774235, 0.01349737297975907)


testRecall:
(0.7868376326822577, 0.01349737297975909)


testSpecificity:
(0.964626670723106, 0.002257142457093391)


testPrecision:
(0.7830780384538432, 0.014090286910754599)


testNPV:
(0.9653376713118987, 0.001972812486280644)


testF1:
(0.7812216548715769, 0.015456523579282589)



Matrices de confusión: [[33 8 3 9 1 4 0; 5 35 8 6 2 1 1; 4 2 58 2 3 1 1; 5 1 6 43 1 2 0; 1 0 3 0 55 1 0; 4 0 0 0 0 51 0; 0 1 0 0 0 0 64], [25 3 5 17 7 1 0; 3 54 0 0 2 10 1; 4 10 34 0 7 3 0; 2 0 1 48 4 0 0; 4 10 3 1 40 0 0; 1 0 0 0 0 59 0; 0 0 0 0 0 0 65], [30 7 3 2 14 1 0; 3 42 5 7 0 1 0; 8 1 37 8 3 1 0; 2 5 2 56 1 2 2; 5 0 1 0 48 0 0; 0 1 1 3 0 54 0; 1 0 0 0 0 0 64], [36 5 8 5 3 0 0; 4 41 3 4 5 1 0; 3 0 51 0 0 0 0; 1 3 2 55 1 6 2; 10 4 2 8 33 1 0; 0 3 0 0 0 56 0; 0 0 0 0 0 0 65], [25 8 3 6 1 14 0; 7 39 4 3 1 3 1; 2 5 58 1 3 1 0; 8 4 5 37 3 1 0; 0 0 1 0 58 0 0; 5 1 0 0 0 48 0; 0 0 0 0 0 0 64]]


neighbors de esta ronda: 
6

testAccuracy:
(0.772625023710914, 0.01594562659816133)


testErrorRate:
(0.22737497628908598, 0.01594562659816133)


testRecall:
(0.772625023710914, 0.015945626598161365)


testSpecificity:
(0.9620552669979002, 0.0027685585636330495)


testPrecision:
(0.768311331752591, 0.016440040329401582)


testNPV:
(0.9632887921158308, 0.002525168830446684)


testF1:
(0.7650803026674069, 0.01781777116815298)



Matrices de confusión: [[30 7 6 8 1 6 0; 4 34 9 6 3 1 1; 2 2 60 2 3 1 1; 3 2 7 42 2 2 0; 1 0 3 0 55 1 0; 4 0 0 0 0 51 0; 0 1 0 0 0 0 64], [23 4 6 16 8 1 0; 3 54 0 0 2 10 1; 3 13 33 0 6 3 0; 3 0 1 48 3 0 0; 4 11 4 3 35 1 0; 1 0 0 0 0 59 0; 0 0 0 0 0 0 65], [26 7 4 3 16 1 0; 4 38 5 9 1 1 0; 8 3 35 8 2 2 0; 2 6 0 57 1 2 2; 3 0 0 0 51 0 0; 0 0 1 4 0 54 0; 1 0 0 0 0 0 64], [34 5 9 5 3 1 0; 4 37 3 6 6 2 0; 3 2 49 0 0 0 0; 1 3 2 55 0 7 2; 9 6 4 7 31 1 0; 0 3 0 2 0 54 0; 0 0 0 0 0 0 65], [25 8 3 7 1 13 0; 7 38 4 2 1 5 1; 2 2 59 3 3 1 0; 7 4 6 36 3 2 0; 0 0 1 0 58 0 0; 5 1 0 0 0 48 0; 0 0 0 0 0 0 64]]


neighbors de esta ronda: 
7

testAccuracy:
(0.7674149500969213, 0.016819403019208357)


testErrorRate:
(0.23258504990307868, 0.016819403019208354)


testRecall:
(0.7674149500969213, 0.016819403019208323)


testSpecificity:
(0.9612399041415929, 0.00272991105640984)


testPrecision:
(0.762272029258347, 0.01718718650034509)


testNPV:
(0.9623350791205121, 0.002597568942707714)


testF1:
(0.7595870677998376, 0.01916595694431551)



Matrices de confusión: [[29 7 6 8 1 6 1; 5 35 8 5 3 1 1; 2 3 59 2 3 1 1; 5 1 5 42 3 2 0; 1 1 2 0 55 1 0; 4 0 2 0 0 49 0; 0 1 0 0 0 0 64], [22 4 5 18 8 1 0; 3 53 1 0 2 10 1; 3 12 33 0 7 3 0; 2 0 1 48 4 0 0; 4 11 4 3 35 1 0; 0 0 1 1 0 58 0; 0 0 0 0 0 0 65], [23 9 5 3 16 1 0; 2 41 6 6 1 2 0; 5 2 38 8 3 2 0; 1 7 1 54 1 4 2; 3 0 1 0 50 0 0; 0 1 1 3 0 54 0; 1 0 0 0 0 0 64], [34 5 9 5 3 1 0; 5 37 2 6 6 2 0; 3 2 47 2 0 0 0; 0 3 2 56 0 7 2; 7 6 2 9 33 1 0; 0 3 0 0 0 56 0; 0 0 0 0 0 0 65], [25 7 2 10 1 12 0; 6 38 5 3 1 4 1; 3 1 55 5 5 1 0; 7 5 7 34 3 2 0; 0 0 2 0 57 0 0; 5 1 0 0 0 48 0; 0 0 0 0 0 0 64]]


neighbors de esta ronda: 
15

testAccuracy:
(0.7129831469539369, 0.029937806713740217)


testErrorRate:
(0.28701685304606317, 0.029937806713740217)


testRecall:
(0.7129831469539369, 0.029937806713740224)


testSpecificity:
(0.9519123176374078, 0.005100762449029359)


testPrecision:
(0.7050605550990146, 0.0338081931402624)


testNPV:
(0.9536531655093905, 0.004505480949638928)


testF1:
(0.6985624541173961, 0.03524333316965926)



Matrices de confusión: [[21 10 7 7 3 9 1; 3 32 7 5 7 3 1; 2 7 52 1 4 1 4; 4 2 10 34 4 4 0; 1 0 1 0 57 1 0; 6 1 3 0 1 44 0; 0 1 0 0 0 0 64], [15 7 6 20 7 3 0; 4 48 2 0 3 12 1; 3 14 24 2 8 6 1; 2 2 1 47 3 0 0; 3 12 5 5 29 2 2; 0 1 0 1 0 58 0; 0 0 0 0 0 0 65], [18 12 4 4 17 2 0; 3 34 4 9 2 6 0; 4 1 35 11 3 3 1; 0 7 2 47 1 10 3; 3 0 2 0 48 1 0; 0 4 1 4 0 50 0; 1 0 0 0 0 0 64], [31 6 12 6 2 0 0; 4 35 3 9 5 2 0; 3 0 48 2 1 0 0; 0 3 2 50 1 12 2; 5 5 2 8 34 3 1; 0 2 1 0 0 56 0; 0 0 0 0 0 0 65], [15 8 6 9 1 17 1; 5 33 5 5 3 6 1; 2 4 52 4 7 1 0; 3 4 9 33 3 5 1; 0 0 3 0 56 0 0; 3 2 0 1 1 47 0; 0 0 0 0 0 0 64]]


neighbors de esta ronda: 
50

testAccuracy:
(0.5940647681113409, 0.013988362835479044)


testErrorRate:
(0.4059352318886592, 0.013988362835479046)


testRecall:
(0.5940647681113409, 0.013988362835479044)


testSpecificity:
(0.931504032154605, 0.00237104066859333)


testPrecision:
(0.5893764785068972, 0.020862806951914743)


testNPV:
(0.93599291507355, 0.001752124307862404)


testF1:
(0.5516346719161428, 0.020385122385433094)



Matrices de confusión: [[11 11 11 6 6 10 3; 3 18 5 3 14 12 3; 1 7 44 0 11 2 6; 2 4 15 12 15 2 8; 0 0 0 0 55 4 1; 2 2 6 1 3 41 0; 0 1 0 0 0 0 64], [6 8 6 23 7 4 4; 1 40 9 1 1 15 3; 2 7 25 1 2 19 2; 0 3 4 46 2 0 0; 0 19 3 7 14 8 7; 0 1 1 2 0 56 0; 0 0 0 0 0 0 65], [8 11 6 8 19 4 1; 2 26 2 9 0 13 6; 3 0 13 12 13 6 11; 0 3 0 42 1 17 7; 1 4 2 1 44 2 0; 0 4 1 1 2 51 0; 0 0 0 0 0 1 64], [14 8 16 14 4 1 0; 3 33 2 6 1 10 3; 4 5 41 2 2 0 0; 0 5 2 37 0 21 5; 2 8 6 19 15 6 2; 0 0 4 1 0 54 0; 0 0 0 0 0 0 65], [6 5 11 9 3 20 3; 2 10 12 2 10 16 6; 0 2 43 3 16 1 5; 1 1 8 27 10 7 4; 0 0 0 0 57 2 0; 3 1 1 3 3 43 0; 0 0 0 0 0 0 64]]


ANN:

topology de esta ronda: 
[10, 15]



testAccuracy:
(0.9532497781795459, 0.005628308370474634)


testErrorRate:
(0.046750221820454095, 0.005628308370474642)


testRecall:
(0.9532497781795459, 0.005628308370474622)


testSpecificity:
(0.9924565284293585, 0.0009384212422706378)


testPrecision:
(0.9542398021037324, 0.005422094472137227)


testNPV:
(0.9923762175885524, 0.0009660717298211835)


testF1:
(0.9531806129676985, 0.00559207979475129)


Matrices de confusión: [[50 5 1 0 2 0 0; 0 56 2 0 0 0 0; 0 2 56 0 0 0 0; 0 0 1 69 0 1 0; 2 0 0 0 53 0 0; 0 0 0 2 0 57 1; 0 0 0 0 0 1 64], [49 5 0 0 4 0 0; 0 53 5 0 0 0 0; 0 1 57 0 0 0 0; 0 0 3 67 0 0 0; 3 0 0 0 52 0 0; 0 0 0 1 0 59 0; 0 0 0 0 0 0 65], [55 0 0 0 2 0 0; 5 50 3 0 0 0 0; 0 0 58 0 0 0 0; 0 0 3 67 0 0 0; 1 0 0 0 53 0 0; 0 0 0 2 0 57 0; 0 0 0 0 0 2 63], [49 5 0 0 3 0 0; 1 57 0 0 0 0 0; 0 4 54 0 0 0 0; 0 0 0 70 0 0 0; 1 0 0 0 53 0 0; 0 0 0 0 0 59 0; 0 0 0 0 0 0 65], [47 7 0 0 3 0 0; 2 55 1 0 0 0 0; 1 2 54 1 0 0 0; 0 0 0 69 0 1 0; 2 0 0 0 52 0 0; 0 0 0 1 0 58 0; 0 0 0 0 0 0 64]]


topology de esta ronda: 
[4, 6]



testAccuracy:
(0.943104940824535, 0.008630585360372063)


testErrorRate:
(0.0568950591754651, 0.008630585360372062)


testRecall:
(0.943104940824535, 0.008630585360372063)


testSpecificity:
(0.9909445589906184, 0.001391229227288243)


testPrecision:
(0.9449997786873345, 0.008267208070864299)


testNPV:
(0.990807802406904, 0.0014496072122200268)


testF1:
(0.9426036204995889, 0.008662130773483706)


Matrices de confusión: [[47 4 1 0 6 0 0; 1 56 1 0 0 0 0; 0 2 56 0 0 0 0; 0 0 1 68 0 2 0; 2 0 0 0 53 0 0; 0 0 0 0 0 59 1; 0 0 0 0 0 1 64], [49 4 0 0 5 0 0; 1 53 4 0 0 0 0; 1 0 56 1 0 0 0; 0 0 3 65 0 2 0; 3 0 0 0 52 0 0; 0 0 0 1 0 59 0; 0 0 0 0 0 0 65], [45 5 0 0 7 0 0; 2 54 2 0 0 0 0; 0 1 56 1 0 0 0; 0 0 6 64 0 0 0; 0 0 0 0 54 0 0; 0 0 0 2 0 57 0; 0 0 0 0 0 1 64], [44 5 0 0 8 0 0; 2 51 5 0 0 0 0; 0 2 55 1 0 0 0; 0 0 1 67 0 2 0; 1 0 0 0 53 0 0; 0 0 0 0 0 59 0; 0 0 0 0 0 0 65], [50 3 0 0 4 0 0; 0 55 3 0 0 0 0; 0 3 54 1 0 0 0; 0 0 0 70 0 0 0; 1 0 0 0 53 0 0; 0 0 0 0 0 59 0; 0 0 0 0 0 0 64]]


topology de esta ronda: 
[15]



testAccuracy:
(0.8863602784007879, 0.012065502854621348)


testErrorRate:
(0.11363972159921198, 0.012065502854621386)


testRecall:
(0.8863602784007879, 0.01206550285462137)


testSpecificity:
(0.9815328904379875, 0.0019573145483691573)


testPrecision:
(0.887687174644349, 0.011737457168097286)


testNPV:
(0.9814936752332832, 0.00215913855785622)


testF1:
(0.8858453758371245, 0.012010402658472866)


Matrices de confusión: [[50 6 0 0 2 0 0; 5 51 2 0 0 0 0; 0 4 48 6 0 0 0; 1 0 4 65 0 1 0; 4 0 0 0 51 0 0; 0 0 0 3 0 57 0; 0 0 0 1 0 0 64], [38 8 2 0 10 0 0; 3 52 3 0 0 0 0; 2 5 48 3 0 0 0; 1 4 4 59 0 2 0; 7 0 0 0 48 0 0; 0 0 1 0 0 59 0; 0 0 0 0 0 0 65], [41 7 4 0 5 0 0; 7 46 5 0 0 0 0; 2 4 49 2 0 1 0; 0 1 5 59 0 5 0; 4 0 0 0 50 0 0; 0 0 0 3 0 56 0; 0 0 0 0 0 1 64], [43 7 0 0 7 0 0; 10 42 5 1 0 0 0; 0 6 51 1 0 0 0; 0 0 2 65 0 3 0; 3 0 0 0 51 0 0; 0 0 0 1 0 58 0; 0 0 0 0 0 0 65], [42 6 3 0 6 0 0; 2 52 3 1 0 0 0; 0 6 46 5 0 1 0; 0 0 3 63 0 2 2; 3 0 0 0 51 0 0; 0 0 0 2 0 57 0; 0 0 0 0 0 0 64]]


topology de esta ronda: 
[5, 13]



testAccuracy:
(0.9537885855727135, 0.006334702104108787)


testErrorRate:
(0.046211414427286636, 0.006334702104108804)


testRecall:
(0.9537885855727133, 0.006334702104108793)


testSpecificity:
(0.9925843491625524, 0.0009580497171272528)


testPrecision:
(0.9547515279321889, 0.0062289771926899)


testNPV:
(0.9924452058718533, 0.0010505629879470283)


testF1:
(0.9535817979179019, 0.006358241434456635)


Matrices de confusión: [[52 3 0 0 3 0 0; 0 55 3 0 0 0 0; 0 3 54 1 0 0 0; 0 0 2 67 0 2 0; 1 0 0 0 54 0 0; 0 0 0 1 0 58 1; 0 0 0 0 0 1 64], [48 5 0 0 5 0 0; 0 55 3 0 0 0 0; 1 2 55 0 0 0 0; 0 0 1 69 0 0 0; 3 0 0 0 52 0 0; 0 0 0 1 0 59 0; 0 0 0 0 0 0 65], [54 2 0 0 1 0 0; 2 53 3 0 0 0 0; 0 1 57 0 0 0 0; 0 0 5 65 0 0 0; 1 0 0 0 53 0 0; 0 0 0 2 0 57 0; 0 0 0 0 0 1 64], [52 1 0 0 4 0 0; 4 53 1 0 0 0 0; 0 3 54 1 0 0 0; 0 0 1 68 0 1 0; 0 0 0 0 54 0 0; 0 0 0 0 0 59 0; 0 0 0 0 0 0 65], [49 3 0 0 5 0 0; 1 55 2 0 0 0 0; 0 2 55 1 0 0 0; 0 0 1 68 0 1 0; 0 0 0 0 54 0 0; 0 0 0 0 0 58 1; 0 0 0 0 0 0 64]]


topology de esta ronda: 
[8, 9]



testAccuracy:
(0.9500725726224697, 0.0056834616358628345)


testErrorRate:
(0.049927427377530156, 0.005683461635862866)


testRecall:
(0.9500725726224699, 0.005683461635862799)


testSpecificity:
(0.9919606735683646, 0.0009434520170676048)


testPrecision:
(0.9512249018142771, 0.005430241598332279)


testNPV:
(0.9918773531783996, 0.0009919862954317026)


testF1:
(0.9499220036437505, 0.00561044487760541)


Matrices de confusión: [[47 6 1 0 4 0 0; 2 53 3 0 0 0 0; 0 5 52 1 0 0 0; 0 1 1 66 0 3 0; 1 0 0 0 54 0 0; 0 0 0 1 0 58 1; 0 0 0 1 0 0 64], [48 6 0 0 4 0 0; 1 55 2 0 0 0 0; 0 1 57 0 0 0 0; 0 0 2 68 0 0 0; 4 0 0 0 51 0 0; 0 0 0 1 0 59 0; 0 0 0 0 0 0 65], [53 1 0 0 3 0 0; 3 50 5 0 0 0 0; 0 0 57 1 0 0 0; 0 0 2 68 0 0 0; 0 0 0 0 54 0 0; 0 0 0 2 0 57 0; 0 0 0 0 0 1 64], [51 1 0 0 5 0 0; 3 53 2 0 0 0 0; 0 5 52 1 0 0 0; 0 0 1 67 0 2 0; 1 0 0 0 53 0 0; 0 0 0 0 0 59 0; 0 0 0 0 0 0 65], [49 4 1 0 3 0 0; 1 55 2 0 0 0 0; 0 2 56 0 0 0 0; 0 0 1 68 0 1 0; 3 0 0 0 51 0 0; 0 0 0 1 0 58 0; 0 0 0 0 0 0 64]]


topology de esta ronda: 
[11]



testAccuracy:
(0.8771733768037757, 0.012599495765263726)


testErrorRate:
(0.12282662319622424, 0.012599495765263695)


testRecall:
(0.8771733768037757, 0.012599495765263726)


testSpecificity:
(0.9800687547188573, 0.0020706456369198813)


testPrecision:
(0.8789721318919164, 0.01159476332248158)


testNPV:
(0.9799058428819523, 0.002222575249851897)


testF1:
(0.8763489582839619, 0.012317309792778184)


Matrices de confusión: [[47 7 0 0 4 0 0; 3 52 2 1 0 0 0; 0 6 45 7 0 0 0; 0 0 2 66 0 3 0; 3 0 0 0 52 0 0; 0 0 0 2 0 57 1; 0 0 0 1 0 0 64], [40 10 2 0 6 0 0; 4 41 13 0 0 0 0; 0 3 50 5 0 0 0; 0 2 2 65 0 1 0; 4 0 0 0 51 0 0; 0 0 0 2 0 58 0; 0 0 0 0 0 0 65], [40 3 6 0 8 0 0; 8 44 5 1 0 0 0; 2 7 48 1 0 0 0; 0 0 12 55 0 3 0; 3 0 0 0 51 0 0; 0 0 1 2 0 56 0; 0 0 0 0 0 1 64], [41 6 2 0 8 0 0; 5 50 3 0 0 0 0; 0 7 50 1 0 0 0; 0 1 2 64 0 1 2; 3 0 0 0 51 0 0; 0 0 0 0 0 59 0; 0 0 0 0 0 0 65], [37 9 4 0 7 0 0; 1 55 2 0 0 0 0; 0 5 51 2 0 0 0; 0 1 2 61 0 6 0; 4 0 0 0 50 0 0; 0 1 0 2 0 56 0; 0 0 0 0 0 0 64]]


topology de esta ronda: 
[5]



testAccuracy:
(0.8499583927148594, 0.01922424965084851)


testErrorRate:
(0.15004160728514057, 0.019224249650848492)


testRecall:
(0.8499583927148595, 0.01922424965084852)


testSpecificity:
(0.9757273909151408, 0.00322271476063595)


testPrecision:
(0.850830853819479, 0.020278515202135174)


testNPV:
(0.975607712245148, 0.003185343511391616)


testF1:
(0.8471953647355329, 0.019326026598056593)


Matrices de confusión: [[44 4 4 0 6 0 0; 1 50 7 0 0 0 0; 1 5 48 4 0 0 0; 0 1 0 66 0 4 0; 7 0 0 0 48 0 0; 0 0 0 1 0 58 1; 0 0 0 1 0 0 64], [38 6 2 0 12 0 0; 3 36 18 0 1 0 0; 1 4 44 9 0 0 0; 0 2 2 60 0 6 0; 8 0 0 0 47 0 0; 0 0 0 2 0 58 0; 0 0 0 0 0 0 65], [37 4 3 0 13 0 0; 8 46 4 0 0 0 0; 0 11 41 6 0 0 0; 0 0 7 61 0 2 0; 3 0 0 0 51 0 0; 0 0 0 1 0 58 0; 0 0 0 0 0 1 64], [36 3 0 0 18 0 0; 6 47 5 0 0 0 0; 0 7 50 1 0 0 0; 0 0 4 58 0 7 1; 0 0 0 0 54 0 0; 0 0 0 1 0 58 0; 0 0 0 0 0 0 65], [30 10 4 0 13 0 0; 9 43 6 0 0 0 0; 0 4 46 8 0 0 0; 0 1 1 59 0 8 1; 12 0 0 0 42 0 0; 0 0 0 3 0 56 0; 0 0 0 0 0 0 64]]


topology de esta ronda: 
[7, 14]



testAccuracy:
(0.9547180365984065, 0.003159442794037841)


testErrorRate:
(0.045281963401593336, 0.0031594427940378027)


testRecall:
(0.9547180365984065, 0.003159442794037841)


testSpecificity:
(0.9926821120196075, 0.0004670078756182296)


testPrecision:
(0.9557874756770751, 0.0029713988606818297)


testNPV:
(0.9925863426617255, 0.0005545385050455512)


testF1:
(0.9545644042333687, 0.0032275271271141057)


Matrices de confusión: [[56 1 0 0 1 0 0; 0 58 0 0 0 0 0; 0 3 54 1 0 0 0; 0 0 1 70 0 0 0; 2 0 0 0 53 0 0; 0 0 0 1 0 58 1; 0 0 0 0 0 1 64], [51 4 0 0 3 0 0; 0 54 4 0 0 0 0; 0 1 56 1 0 0 0; 0 0 2 67 0 1 0; 3 0 0 0 52 0 0; 0 0 1 0 0 59 0; 0 0 0 0 0 0 65], [53 4 0 0 0 0 0; 6 49 3 0 0 0 0; 0 1 56 1 0 0 0; 0 0 4 65 0 1 0; 0 0 0 0 54 0 0; 0 0 0 2 0 57 0; 0 0 0 0 0 1 64], [46 5 0 0 6 0 0; 2 55 1 0 0 0 0; 0 5 52 1 0 0 0; 0 0 0 70 0 0 0; 0 0 0 0 54 0 0; 0 0 0 0 0 59 0; 0 0 0 0 0 0 65], [49 5 0 0 3 0 0; 2 54 2 0 0 0 0; 0 3 55 0 0 0 0; 0 0 0 68 0 2 0; 2 0 0 0 52 0 0; 0 0 0 0 0 59 0; 0 0 0 0 0 0 64]]


SVC:

Datos de esta ronda: 
Dict{String, Any}("C" => 0.5, "kernel" => "linear")

testAccuracy: 
(0.7603237398755496, 0.015356388828366145)


testErrorRate:
(0.23967626012445048, 0.015356388828366145)


testRecall:
(0.7603237398755496, 0.015356388828366135)


testSpecificity:
(0.9599312763404292, 0.0027096240979168056)


testPrecision:
(0.7515589134101195, 0.016650138829038423)


testNPV:
(0.9611899891352745, 0.002440895814149526)


testF1:
(0.7493332441851477, 0.016810253744510128)



Matrices de confusión: [[29 9 1 9 0 10 0; 7 24 19 6 1 1 0; 3 2 55 0 11 0 0; 5 7 2 44 0 0 0; 0 0 1 0 58 0 1; 2 0 0 0 0 53 0; 0 0 1 0 0 0 64], [25 0 3 18 12 0 0; 2 50 4 0 1 12 1; 3 21 27 0 7 0 0; 2 0 0 52 1 0 0; 3 4 16 1 34 0 0; 1 0 0 0 0 59 0; 0 0 0 0 0 0 65], [29 6 10 0 12 0 0; 5 21 10 20 0 1 1; 10 3 37 8 0 0 0; 0 5 1 56 0 7 1; 1 0 0 0 53 0 0; 0 0 0 1 0 58 0; 0 0 0 0 0 1 64], [30 4 19 0 4 0 0; 3 31 0 12 12 0 0; 2 0 52 0 0 0 0; 0 4 0 52 2 10 2; 9 7 1 1 40 0 0; 0 0 0 3 0 56 0; 0 0 0 0 0 0 65], [23 15 0 1 0 18 0; 9 41 3 5 0 0 0; 0 1 56 1 12 0 0; 5 3 19 31 0 0 0; 0 0 1 0 58 0 0; 5 0 0 0 0 49 0; 0 0 0 0 0 0 64]]


Datos de esta ronda: 
Dict{String, Any}("C" => 1.0, "kernel" => "poly", "gamma" => "auto", "degree" => 2, "coef0" => 0.0)

testAccuracy:
(0.5580507655220023, 0.010093105983785034)


testErrorRate:
(0.4419492344779977, 0.010093105983785034)


testRecall:
(0.5580507655220023, 0.010093105983785034)


testSpecificity:
(0.9234020964641717, 0.0028098444534580083)


testPrecision:
(0.5843530536953446, 0.016581297540980318)


testNPV:
(0.9296328968850165, 0.002061430955872585)


testF1:
(0.5325500999843197, 0.00895206415273916)



Matrices de confusión: [[28 6 8 4 6 6 0; 7 10 19 1 17 1 3; 3 0 47 0 14 1 6; 6 2 17 10 19 0 4; 0 0 13 0 45 1 1; 5 0 10 4 8 28 0; 0 1 0 0 0 0 64], [24 5 2 10 13 3 1; 4 46 0 0 0 18 2; 3 17 12 0 1 25 0; 4 8 0 26 12 5 0; 2 22 1 2 12 17 2; 1 5 0 0 0 54 0; 0 0 0 0 0 0 65], [28 4 7 3 10 5 0; 3 8 2 18 0 22 5; 7 2 20 13 1 11 4; 0 4 5 36 0 21 4; 4 0 9 9 24 8 0; 0 1 0 3 0 55 0; 0 0 0 0 0 1 64], [29 2 10 7 5 4 0; 4 10 1 19 5 18 1; 4 0 32 9 4 5 0; 1 1 0 43 1 20 4; 8 1 1 19 13 14 2; 0 1 0 18 0 40 0; 0 0 0 0 0 0 65], [19 17 3 2 5 10 1; 10 19 10 0 15 1 3; 1 6 41 1 19 1 1; 4 2 19 8 20 1 4; 1 0 3 0 55 0 0; 4 4 7 1 4 34 0; 0 0 0 0 0 0 64]]


Datos de esta ronda: 
Dict{String, Any}("C" => 1.5, "kernel" => "rbf", "gamma" => "auto")

testAccuracy:
(0.6409436931228369, 0.011067644404191493)


testErrorRate:
(0.3590563068771631, 0.011067644404191494)


testRecall:
(0.6409436931228369, 0.011067644404191463)


testSpecificity:
(0.9395712640239863, 0.002140714985181869)


testPrecision:
(0.6413324132287286, 0.013760243293553027)


testNPV:
(0.942293726397968, 0.0014900284305176636)


testF1:
(0.6197012181062014, 0.014459751467967765)



Matrices de confusión: [[29 7 5 7 2 8 0; 9 15 17 2 12 2 1; 4 3 45 1 14 1 3; 4 3 17 17 16 1 0; 1 1 0 0 57 0 1; 2 0 1 9 0 43 0; 0 1 0 0 0 0 64], [23 2 3 20 10 0 0; 4 41 5 0 1 18 1; 5 14 20 0 2 17 0; 3 2 0 44 6 0 0; 2 21 4 4 17 8 2; 1 0 0 0 0 59 0; 0 0 0 0 0 0 65], [29 3 8 3 13 1 0; 6 18 4 8 0 20 2; 8 1 23 11 4 11 0; 1 7 6 36 0 17 3; 2 0 8 0 44 0 0; 0 1 0 0 0 58 0; 0 0 0 0 0 1 64], [32 1 15 5 3 1 0; 5 25 0 8 5 15 0; 3 0 44 2 5 0 0; 1 5 0 41 3 17 3; 8 3 5 16 15 11 0; 0 1 0 3 0 55 0; 0 0 0 0 0 0 65], [21 12 4 2 0 18 0; 10 22 11 0 12 3 0; 1 6 41 1 19 1 1; 8 2 18 13 16 1 0; 1 0 0 0 58 0 0; 5 3 0 0 0 46 0; 0 0 0 0 0 0 64]]


Datos de esta ronda: 
Dict{String, Any}("C" => 1.25, "kernel" => "sigmoid", "gamma" => "scale", "coef0" => 3)

testAccuracy:
(0.16627227950293638, 0.0007351427711771233)


testErrorRate:
(0.8337277204970637, 0.0007351427711770937)


testRecall:
(0.16627227950293638, 0.0007351427711771233)


testSpecificity:
(0.8337277204970637, 0.0007351427711771234)


testPrecision:
(0.8613746237760814, 0.000491044745804998)


testNPV:
(0.8838170126566733, 0.00020879903299281588)


testF1:
(0.04741052224674395, 0.0003888788101187329)



Matrices de confusión: [[0 0 58 0 0 0 0; 0 0 58 0 0 0 0; 0 0 71 0 0 0 0; 0 0 58 0 0 0 0; 0 0 60 0 0 0 0; 0 0 55 0 0 0 0; 0 0 65 0 0 0 0], [0 58 0 0 0 0 0; 0 70 0 0 0 0 0; 0 58 0 0 0 0 0; 0 55 0 0 0 0 0; 0 58 0 0 0 0 0; 0 60 0 0 0 0 0; 0 65 0 0 0 0 0], [0 0 0 57 0 0 0; 0 0 0 58 0 0 0; 0 0 0 58 0 0 0; 0 0 0 70 0 0 0; 0 0 0 54 0 0 0; 0 0 0 59 0 0 0; 0 0 0 65 0 0 0], [0 0 0 57 0 0 0; 0 0 0 58 0 0 0; 0 0 0 54 0 0 0; 0 0 0 70 0 0 0; 0 0 0 58 0 0 0; 0 0 0 59 0 0 0; 0 0 0 65 0 0 0], [0 0 57 0 0 0 0; 0 0 58 0 0 0 0; 0 0 70 0 0 0 0; 0 0 58 0 0 0 0; 0 0 59 0 0 0 0; 0 0 54 0 0 0 0; 0 0 64 0 0 0 0]]


Datos de esta ronda: 
Dict{String, Any}("C" => 0.75, "kernel" => "linear")

testAccuracy:
(0.8124070830321999, 0.01928230423386647)


testErrorRate:
(0.18759291696779998, 0.01928230423386647)


testRecall:
(0.8124070830322001, 0.019282304233866468)


testSpecificity:
(0.9691055354525631, 0.0029812906713450106)


testPrecision:
(0.8089159724877863, 0.019060249320520847)


testNPV:
(0.9694647817063103, 0.0031748963699330572)


testF1:
(0.8064714500951174, 0.020253890678025056)



Matrices de confusión: [[37 7 0 6 0 8 0; 4 35 12 7 0 0 0; 1 2 62 0 6 0 0; 5 7 1 45 0 0 0; 0 0 1 0 58 0 1; 1 0 0 0 0 54 0; 0 0 1 0 0 0 64], [30 0 3 16 9 0 0; 2 52 3 0 1 11 1; 2 11 39 0 6 0 0; 4 0 0 51 0 0 0; 4 1 17 0 36 0 0; 1 0 0 0 0 59 0; 0 0 0 0 0 0 65], [35 4 8 0 10 0 0; 4 34 7 12 0 0 1; 9 4 42 3 0 0 0; 0 5 1 58 0 6 0; 1 0 0 0 53 0 0; 0 0 0 1 0 58 0; 0 0 0 0 0 1 64], [32 2 18 0 5 0 0; 0 43 0 6 9 0 0; 2 0 52 0 0 0 0; 0 3 0 55 1 9 2; 10 6 0 0 42 0 0; 0 0 0 3 0 56 0; 0 0 0 0 0 0 65], [26 14 0 1 0 16 0; 6 45 0 7 0 0 0; 0 1 57 1 11 0 0; 2 3 15 37 1 0 0; 0 0 1 0 58 0 0; 2 0 0 0 0 52 0; 0 0 0 0 0 0 64]]


Datos de esta ronda: 
Dict{String, Any}("C" => 1.75, "kernel" => "poly", "gamma" => "scale", "degree" => 3, "coef0" => 1.0)

testAccuracy:
(0.9185423339774668, 0.015308426841891374)


testErrorRate:
(0.08145766602253326, 0.015308426841891374)


testRecall:
(0.9185423339774668, 0.015308426841891364)


testSpecificity:
(0.986889496660277, 0.0025418494051648783)


testPrecision:
(0.9195929022101925, 0.015334243393160361)


testNPV:
(0.986898914692207, 0.0025717251463983105)


testF1:
(0.9183978260530475, 0.015426206782213642)



Matrices de confusión: [[48 2 0 5 0 3 0; 1 47 2 7 0 1 0; 0 1 69 1 0 0 0; 4 1 1 52 0 0 0; 0 0 2 0 58 0 0; 3 0 0 0 0 52 0; 0 0 0 0 1 0 64], [41 0 1 5 11 0 0; 1 66 2 0 1 0 0; 0 2 54 0 2 0 0; 3 0 0 52 0 0 0; 3 0 6 0 49 0 0; 0 1 0 0 0 59 0; 0 0 0 0 0 0 65], [45 1 5 0 6 0 0; 2 51 3 2 0 0 0; 7 4 46 1 0 0 0; 1 3 0 65 0 1 0; 4 0 0 0 50 0 0; 0 0 0 2 0 57 0; 0 0 0 0 0 1 64], [50 1 2 0 4 0 0; 2 53 0 0 3 0 0; 2 0 52 0 0 0 0; 0 1 0 68 0 1 0; 8 4 0 0 46 0 0; 0 0 0 0 0 59 0; 0 0 0 0 0 0 65], [48 4 0 0 0 5 0; 4 52 0 2 0 0 0; 0 0 69 1 0 0 0; 2 3 2 51 0 0 0; 0 0 1 0 58 0 0; 4 0 0 0 0 50 0; 0 0 0 0 0 0 64]]


Datos de esta ronda: 
Dict{String, Any}("C" => 2, "kernel" => "rbf", "gamma" => "auto")

testAccuracy:
(0.6698039214430898, 0.01271319225743189)


testErrorRate:
(0.33019607855691013, 0.01271319225743189)


testRecall:
(0.6698039214430898, 0.012713192257431937)


testSpecificity:
(0.9443817374393368, 0.0022508666411391745)


testPrecision:
(0.6660353824839306, 0.012522381526433849)


testNPV:
(0.94629198443678, 0.002087716657534332)


testF1:
(0.6543299068999772, 0.0136333476553523)



Matrices de confusión: [[31 6 7 6 1 7 0; 9 24 13 2 8 1 1; 2 5 46 1 13 1 3; 4 4 16 23 10 1 0; 1 1 0 0 57 0 1; 2 1 0 6 0 46 0; 0 1 0 0 0 0 64], [24 2 3 21 8 0 0; 4 41 6 0 1 17 1; 5 19 20 0 3 11 0; 3 0 1 46 5 0 0; 2 20 3 2 26 4 1; 1 0 0 0 0 59 0; 0 0 0 0 0 0 65], [31 3 8 3 12 0 0; 6 18 9 8 0 15 2; 8 1 30 11 4 4 0; 1 7 7 40 0 12 3; 2 0 6 0 46 0 0; 0 1 0 0 0 58 0; 0 0 0 0 0 1 64], [32 1 15 5 3 1 0; 5 24 0 12 6 11 0; 4 2 43 0 5 0 0; 1 9 0 39 3 15 3; 9 2 4 17 18 8 0; 0 1 0 3 0 55 0; 0 0 0 0 0 0 65], [22 11 3 4 0 17 0; 10 28 11 0 7 2 0; 2 7 39 3 19 0 0; 9 2 11 22 13 1 0; 0 0 1 0 58 0 0; 4 4 0 0 0 46 0; 0 0 0 0 0 0 64]]


Datos de esta ronda: 
Dict{String, Any}("C" => 2, "kernel" => "sigmoid", "gamma" => "scale", "coef0" => 2)

testAccuracy:
(0.1672280217245326, 0.0031929632359481122)


testErrorRate:
(0.8327719782754673, 0.0031929632359481313)


testRecall:
(0.16722802172453258, 0.003192963235948103)


testSpecificity:
(0.8349399834838227, 0.000638170875588507)


testPrecision:
(0.6188760612885705, 0.09304190759954833)


testNPV:
(0.8792850435924106, 0.004844396526683327)


testF1:
(0.05301019894525079, 0.004708391285647892)



Matrices de confusión: [[1 0 54 0 0 1 2; 0 0 57 0 0 0 1; 0 0 70 0 0 0 1; 0 0 53 0 0 1 4; 0 0 60 0 0 0 0; 2 0 45 0 0 0 8; 0 0 65 0 0 0 0], [0 54 0 0 0 0 4; 0 69 0 1 0 0 0; 0 58 0 0 0 0 0; 0 45 0 0 0 0 10; 0 56 0 0 0 0 2; 0 60 0 0 0 0 0; 0 65 0 0 0 0 0], [0 0 0 54 0 0 3; 0 0 0 57 0 0 1; 0 0 0 51 0 0 7; 0 0 0 70 0 0 0; 0 0 0 46 1 0 7; 0 0 0 59 0 0 0; 0 0 0 65 0 0 0], [0 0 0 52 0 0 5; 0 0 0 58 0 0 0; 0 0 0 41 0 0 13; 0 0 0 70 0 0 0; 0 0 0 54 0 0 4; 0 0 0 59 0 0 0; 0 0 0 65 0 0 0], [1 0 51 0 0 0 5; 0 0 52 0 0 0 6; 0 0 70 0 0 0 0; 0 0 57 0 0 0 1; 0 0 59 0 0 0 0; 3 0 36 0 0 1 14; 0 0 64 0 0 0 0]]